296605186
583701338
571959975
373608888
471314957
404255073
200374284
291947021
297726174
259852636
292761487
293914084
294883859
583718912
401040318
297627789
292781157
290722560
290093605
581022309
291352235
421246250
290501642
584356709
297394944
297207479
296533638
253677869
283898744
578809282
302615037
363259227
505723218
353046786
352998694
584902649
584894033
584880802
584911293
579584940
584821830
584821993
210283174
583678845
583696277
583691805
583688189
584575015
584898130
583684079
583720917
584919488
584935268
584913965
259879887
579581386
579583750
579580573
579579976
576579856
581050522
579580712
584867749
584899174
583673034
583498978
584897181
584863748
351275890
421279187
583498478
584879496
584878133
279305952
210136967
581706741
581555527
571977302
325641091
581685421
581654772
580349092
581686352
581663884
580331306
584867033
584859972
586844894
568891746
571903389
571963375
581915015
580509112
355690969
353554136
259780046
571985085
571966558
571780273
580364732
580361023
580332130
580333076
254728926
571955889
346149987
342839692
332003302
467707717
400650733
296025749
295949149
292443140
123216104
171360029
471037420
443197794
444318962
361025742
38934809
353306337
161765581
232916764
233846754
569828724
233766502
571179600
396557788
377438931
168649094
448590429
398715482
427226954
426051259
250043333
233928516
287141993
253591779
254004476
244916259
324446730
487859956
160974813
246892186
252744784
249521616
271535947
499737300
296493081
294306389
564424166
273456585
304537355
493237755
270189601
336422377
479499791
437095837
409311608
385300507
424883818
439978504
447693402
248814713
168003569
155201172
133162362
325106013
142277946
280104389
234531660
258139107
280565185
271346534
199811250
290672618
299828139
540522822
171454842
120492671
156644274
213121134
168438546
169316487
298830252
309699237
182074547
254614559
448608256
161666360
168661360
193348671
456789269
134030517
136205375
259174725
447666014
417109583
274654501
23683018
297185852
100928992
136685415
284093253
540540138
319974951
281170199
161616720
452322322
328037001
223516965
141357931
321047268
138758704
248921642
250180958
259487864
383929610
132461125
197723273
247865302
260075917
295723449
297529573
338824895
320863702
95901524
169353406
152660245
140447500
105835238
28494650
178655950
243982141
278698811
296032031
310828868
319971106
339632837
161936582
202537084
116969845
223752066
536150513
536174659
237939791
589518506
584357343
577725744
589518528
535316406
588047034
575753002
579001358
589518486
575749943
588519641
588518296
584364063
578928842
588583388
588566576
588045223
575753627
584820857
574766448
578536008
587907283
583497288
417245537
578929269
584822215
574766291
587231734
572677117
581544583
588519633
588519350
589502630
575353525
575750622
571349234
579001610
575351421
584381824
575751935
557344578
587231744
587231717
563396008
421258885
564541390
574766042
557396583
557385646
584384532
557393585
584362026
575749668
574082921
584358140
575751592
565305997
572680203
584359994
371089687
580331751
579003428
578542420
565068568
574123043
574767418
584356463
576219652
507651602
575753069
576476694
576543359
578846621
575750326
583498101
584822079
567641930
556702221
556679575
556675651
556674700
556673767
556702706
556703353
571271748
578929295
578924304
578923814
578922873
571271832
571271800
557465437
557469066
571292652
571399693
572263567
572681925
572697362
584362475
584363806
588032884
588035281
588038036
588039617
571293020
575751520
507668535
575750025
575750050
575750176
575750260
575751380
575751405
575751448
575751460
575750131
579096487
588045213
507681258
421230561
578541095
578542252
579259838
572112665
571349572
571986896
588194872
572685303
565363000
588214363
588502465
575753077
575752986
575751585
588183808
588186306
588499230
584821850
588221472
578925551
574766952
571349203
588519324
572687129
574111375
583498875
371121690
575353893
565087902
588360180
578992096
567169504
574766914
574768007
571768707
575756073
578545802
574059684
557394091
557395717
563397774
574766622
574766858
575751385
575752122
572683679
575346308
508228544
567120640
507981937
507161288
584821874
578535932
572111388
572111331
575750204
575753001
571351422
581992181
581581687
574766874
574765951
539910947
506814033
247236513
581967300
567162193
574082990
575752052
567164684
574093101
574082949
587002270
574113453
507916997
557449597
565720806
571369942
584822570
574117788
580330739
571241162
584822224
584820726
584819731
583498333
576582320
574064819
571276932
571259481
583497955
578544363
577838062
575753024
575751813
574083023
571373086
572678026
571371239
574768340
583498007
584365292
572692281
584822727
584819489
584379531
574085673
571275969
571630336
574097041
574094380
565301392
574086418
571276892
574083002
507246563
583497556
571275674
571280947
578534651
578536060
579262201
557392624
571274273
574082981
563396011
532398378
575372731
565081182
578536174
575359579
577838025
565079884
567651194
580365482
572685869
578535953
571294572
557342897
577838113
580166279
574062368
571273425
576083053
308506313
578925732
337513951
571350346
574091898
563340076
581600937
571289962
578925696
572693459
557467312
572684045
575370280
563377873
578544499
578533714
578525048
578525026
571835483
578525018
578525022
571626741
571779371
571929833
571780780
581997304
580332704
571271863
579253306
579261949
574767152
574083493
574083036
578535875
567652840
571097072
572096307
565082218
571149244
571624536
571200160
557465393
565700066
571299071
579252988
561384161
578532161
578535907
507237132
561386702
562542916
556770679
506566316
507916975
391973342
575351597
575370806
571235593
572675336
579263924
578536049
571202435
564258061
567163351
567673445
564247403
579255048
572694680
565764951
578546504
572672915
572672895
572662680
539632884
539640852
553246963
565890934
567074614
567077555
565701750
507281754
506782623
567455676
570994464
565705093
565886628
584690725
571271731
571280326
571623963
572117746
572673501
571369642
570893055
565087892
564255756
571379485
506810437
579261947
574082903
565705497
555010431
555010528
577838060
578524711
578525008
578525019
578525101
578525121
578525128
578535896
578535920
578535943
578535990
578536087
571381352
571399902
574087091
577838016
567664950
567650232
554608104
565060277
565770064
567436510
557460995
158000183
571390000
571251483
574087389
578537610
578538706
553672576
578524554
574087908
578536147
578536068
578535863
578524932
578524737
557469227
571251742
571285935
572156561
578524446
506254419
570886083
567465582
557457171
577835053
578525118
574090961
565086097
578525123
567670054
565075202
569774589
569679142
578524502
507540405
564426850
574084634
574087188
571750076
574087140
574082882
567645543
574086574
571209512
577835023
565193596
564295704
555017074
556770365
564285759
564295752
565188501
507601613
565085394
574087216
565072921
574087058
569971616
507359013
567461037
555012349
574087907
571636812
566963039
574087968
574087987
574091028
556632041
421260248
574085907
507960944
565087555
253598475
507367989
565085820
506730300
565085267
549465979
507986516
566946521
507701950
572658149
507602563
573778511
507610613
507092932
507538918
507609360
539637535
565089412
565087592
564453732
558632020
350689540
506513424
572585646
565089956
565092445
421279990
421244651
572587998
572584981
508396373
537394139
557458948
568503101
565064102
554988355
572657636
572588608
572583333
572587251
572584169
565071233
557454985
565079328
566948176
572586496
142216580
572658608
564310863
380105487
485889326
565087632
572325588
273511718
555026948
556122848
539633928
571334584
561820610
535887084
556124380
531430897
324828981
557404991
534308702
159027134
531477826
567188689
521724476
561254126
521724797
521724637
521724295
554146564
170457136
535179763
551374962
535862953
535837440
477049106
406786549
267714419
365415125
531479658
553728423
535788158
531493103
162299728
228619777
553808593
539912958
50541222
534309661
535807342
478427119
553668481
534314456
553774257
553230576
522176624
506990357
507200230
500394692
534272713